0 0.8752012882447666 0.7213333333333333 0.24798711755233507 0.5519999999999999
0 0.719001610305958 0.692 0.20772946859903377 0.41866666666666663
0 0.6179549114331723 0.5893333333333333 0.08454106280193238 0.21866666666666665
0 0.31280193236714976 0.6213333333333333 0.08615136876006439 0.18666666666666662
0 0.4142512077294686 0.5453333333333333 0.029790660225442876 0.07199999999999998
0 0.5394524959742351 0.5106666666666667 0.02737520128824471 0.07199999999999998
0 0.4255233494363929 0.5386666666666666 0.026570048309178772 0.06400000000000006
0 0.4400161030595813 0.5226666666666666 0.02334943639291458 0.06400000000000006
0 0.4460547504025765 0.52 0.02093397745571659 0.05333333333333332
0 0.4553140096618358 0.516 0.01690821256038646 0.040000000000000036
0 0.5237520128824477 0.49333333333333335 0.012077294685990392 0.03200000000000003
0 0.5619967793880838 0.4866666666666667 0.030595813204508816 0.039999999999999945
0 0.5611916264090178 0.48133333333333334 0.02737520128824471 0.045333333333333316
0 0.4718196457326892 0.5026666666666667 0.011272141706924277 0.034666666666666665
0 0.4681964573268921 0.508 0.012077294685990303 0.034666666666666665
0 0.5571658615136876 0.48533333333333334 0.02576489533011266 0.03733333333333331
0 0.4746376811594203 0.5026666666666666 0.010466988727858251 0.0293333333333333
0 0.47665056360708535 0.5013333333333334 0.009661835748792313 0.02666666666666666
0 0.4774557165861514 0.5 0.008051529790660261 0.02400000000000002
0 0.47866344605475036 0.5 0.008856682769726287 0.02400000000000002
0 0.5495169082125604 0.48133333333333334 0.01851851851851851 0.0293333333333333
0 0.5487117552334944 0.48133333333333334 0.013687600644122356 0.0293333333333333
0 0.5458937198067633 0.48266666666666663 0.016103059581320432 0.02666666666666666
0 0.5430756843800322 0.48266666666666663 0.01690821256038646 0.02666666666666666
0 0.4810789049919485 0.49866666666666665 0.008856682769726287 0.02133333333333338
0 0.5205314009661836 0.48933333333333334 0.008856682769726287 0.02400000000000002
0 0.5201288244766505 0.48933333333333334 0.008051529790660261 0.02400000000000002
0 0.48188405797101447 0.49733333333333335 0.007246376811594235 0.02400000000000002
0 0.5189210950080515 0.488 0.008856682769726287 0.021333333333333294
0 0.48309178743961356 0.496 0.008051529790660261 0.021333333333333294
0 0.5177133655394525 0.488 0.008051529790660261 0.021333333333333294
0 0.4842995169082126 0.4946666666666667 0.007246376811594235 0.018666666666666654
0 0.5161030595813204 0.488 0.008051529790660261 0.021333333333333294
0 0.4851046698872786 0.4946666666666667 0.005636070853462183 0.018666666666666654
1 0.6413043478260869 0.4613333333333333 0.03140096618357484 0.04800000000000004
1 0.47020933977455714 0.49333333333333335 0.014492753623188382 0.021333333333333294
0 0.25161030595813205 0.5746666666666667 0.044283413848631256 0.07199999999999998
0 0.2818035426731079 0.568 0.03864734299516907 0.06933333333333333
