0 0.4033816425120773 0.5573333333333333 0.03864734299516907 0.08533333333333334
0 0.42230273752012887 0.5439999999999999 0.024959742351046633 0.06399999999999997
0 0.42914653784219003 0.5373333333333333 0.02093397745571659 0.05066666666666668
0 0.42834138486312395 0.5333333333333334 0.017713365539452484 0.04799999999999995
0 0.43880837359098235 0.516 0.017713365539452484 0.07199999999999998
0 0.3981481481481482 0.5279999999999999 0.020128824476650608 0.04266666666666667
0 0.4384057971014492 0.528 0.013687600644122444 0.03733333333333331
0 0.4162640901771336 0.524 0.01288244766505633 0.034666666666666665
0 0.4408212560386474 0.524 0.012077294685990392 0.034666666666666665
0 0.44162640901771333 0.5226666666666666 0.01046698872785834 0.03200000000000003
0 0.4428341384863124 0.5173333333333334 0.012882447665056418 0.0373333333333334
0 0.46256038647343 0.5213333333333333 0.007246376811594235 0.018666666666666654
0 0.46175523349436387 0.5186666666666667 0.007246376811594235 0.018666666666666654
0 0.42673107890499196 0.512 0.006441223832528209 0.016000000000000014
0 0.4219001610305958 0.508 0.0032206119162641045 0.008000000000000007
0 0.42028985507246375 0.508 0.0032206119162641045 0.008000000000000007
1 0.4142512077294686 0.5066666666666666 0.0024154589371980784 0.005333333333333368
0 0.41143317230273746 0.5053333333333334 0.0032206119162640156 0.008000000000000007
0 0.41666666666666663 0.5053333333333334 0.0024154589371980784 0.008000000000000007
0 0.40861513687600653 0.5066666666666666 0.0024154589371980784 0.005333333333333368
0 0.427938808373591 0.512 0.005636070853462094 0.016000000000000014
0 0.429951690821256 0.512 0.004830917874396068 0.016000000000000014
0 0.42592592592592593 0.5106666666666666 0.004830917874396157 0.013333333333333286
0 0.4239130434782609 0.5093333333333334 0.004025764895330131 0.010666666666666647
0 0.42310789049919484 0.5093333333333334 0.004025764895330131 0.010666666666666647
0 0.41706924315619964 0.508 0.0032206119162641045 0.008000000000000007
0 0.4021739130434783 0.504 0.0024154589371980784 0.0053333333333332785
0 0.4045893719806763 0.5053333333333334 0.0024154589371980784 0.008000000000000007
0 0.40619967793880835 0.524 0.015297906602254408 0.040000000000000036
0 0.5112721417069244 0.5493333333333333 0.019323671497584537 0.05333333333333332
0 0.10708534621578099 0.592 0.1610305958132045 0.29866666666666664
0 0.3888888888888889 0.5773333333333334 0.05152979066022541 0.11466666666666665
0 0.32648953301127215 0.556 0.052334943639291476 0.09866666666666672
0 0.6968599033816425 0.7413333333333334 0.19243156199677935 0.4106666666666666
0 0.34863123993558776 0.6013333333333334 0.07729468599033815 0.15733333333333333
0 0.4847020933977456 0.5666666666666667 0.03542673107890497 0.10400000000000001
0 0.3530595813204509 0.5279999999999999 0.04106280193236715 0.096
0 0.19001610305958133 0.7133333333333334 0.22222222222222224 0.40800000000000003
0 0.25442834138486314 0.5533333333333333 0.0998389694041868 0.184
