3 0.7973928179687502 0.4228499826388889 0.03119385156249992 0.0623877013888889
3 0.1910623375 0.2790116673611111 0.04679077656250001 0.07971761805555558
3 0.6355747148437499 0.45491032847222235 0.025345003124999987 0.03985880972222224
3 0.5224970042968751 0.4297819472222223 0.025345003906249986 0.017329916666666723
3 0.5561278765625 0.44451237708333335 0.006823654687500014 0.02252889305555561
3 0.49325277031250003 0.42544946875 0.007798462500000003 0.02946085972222221
3 0.25247523203125 0.4141850229166667 0.009748078124999981 0.024261884722222148
3 0.22664282421874998 0.40985254305555563 0.030219043749999973 0.01906290833333335
3 0.17692762421875 0.42544946944444445 0.008773270312500015 0.015596927777777747
0 0.19057493359375002 0.5043005923611112 0.059463278124999984 0.06931966805555563
0 0.06921135703125 0.51729803125 0.0643373171875 0.07798462916666668
0 0.2320042671875 0.5138320472222222 0.07798462812500002 0.07105266111111108
0 0.02047096484375 0.5138320472222222 0.0409419296875 0.09184856111111124
3 0.5132363308593749 0.5112325590277778 0.010722886718750057 0.038125818055555614
3 0.5127489265625 0.5242299979166667 0.011697695312500044 0.029460856944444468
3 0.5619767230468751 0.4791722131944445 0.010722886718749968 0.02252889305555561
0 0.5488168171875 0.5207640118055556 0.02924423593749994 0.05025675972222219
0 0.5624641273437501 0.5242299958333334 0.021445773437500027 0.03639282777777782
0 0.581472880078125 0.5320284611111111 0.026319811718749975 0.048523769444444476
0 0.60828009609375 0.5354944430555555 0.04679077656250001 0.06585368611111102
0 0.6614071234375001 0.5441594020833334 0.09260674531249995 0.09358155416666669
0 0.718433382421875 0.5744867569444445 0.06238770234374993 0.10571249444444444
0 0.8376815816084937 0.5682739423325499 0.21543253359375 0.20622601666666673
0 0.9699338066406249 0.6568038652777778 0.05848847109374997 0.15943523888888905
3 0.47375661328124996 0.4817717006944445 0.005848846875000024 0.01732991805555555
3 0.46449593828125 0.4653082784722223 0.004874039062499946 0.019062909722222264
3 0.41624295 0.4679077659722223 0.005848846874999936 0.013863934722222294
0 0.43622651093750003 0.5025676006944444 0.010722885937499971 0.017329918055555636
0 0.45328564921875003 0.5008346090277778 0.009748078124999981 0.024261884722222148
0 0.46059670781249995 0.5103660618055555 0.012672501562499949 0.02946085972222221
0 0.48155507578125 0.5120990548611111 0.031193851562500007 0.046790776388888844
0 0.41136891093750005 0.5025676006944444 0.013647309374999939 0.017329918055555636
0 0.39820900507812507 0.5051670868055556 0.012672502343749992 0.019062909722222177
0 0.36409073046875 0.5043005916666667 0.02047096406250004 0.027727869444444407
