0 0.16196054750402575 0.7551599999999999 0.3239210950080515 0.4843466666666666
0 0.3862117552334944 0.73464 0.23321256038647337 0.5149333333333332
0 0.8769283413848632 0.7618533333333333 0.24453301127214183 0.47096
0 0.5307930756843801 0.5830933333333332 0.09928341384863115 0.22655999999999982
0 0.6173228663446054 0.5030133333333333 0.04111916264090176 0.1056
0 0.7411151368760065 0.5579866666666666 0.05788244766505635 0.16498666666666678
3 0.6545209339774557 0.46365333333333325 0.020185185185185174 0.05439999999999996
3 0.7028341384863124 0.48913333333333336 0.021481481481481435 0.05911999999999997
3 0.6549959742351047 0.46340000000000003 0.018832528180354302 0.05234666666666658
3 0.6733937198067632 0.45485333333333333 0.01527375201288228 0.04421333333333344
